0.000000000000000000e+00
4.310866601840600332e+00
1.000000000000000000e+00
1.597718433419710038e-01
2.000000000000000000e+00
-9.406550193432240192e+00
3.000000000000000000e+00
-1.049321827050571088e+01
4.000000000000000000e+00
1.072171291886409961e+01
5.000000000000000000e+00
5.242859013706779869e+00
6.000000000000000000e+00
-1.678781519245309894e+01
7.000000000000000000e+00
3.702182484035799970e+00
8.000000000000000000e+00
-9.279468078845880541e+00
9.000000000000000000e+00
-1.465581792547759932e+01
1.000000000000000000e+01
-1.220088339635180041e+01
1.100000000000000000e+01
-1.823348256293409975e+01
1.200000000000000000e+01
-1.926342836846970030e+01
1.300000000000000000e+01
-1.262827294441370007e+01
1.400000000000000000e+01
-1.446564289029159944e+01
1.500000000000000000e+01
-1.585890762809889942e+01
1.600000000000000000e+01
-2.102143838315949864e+01
1.700000000000000000e+01
-3.185041302057799939e+01
1.800000000000000000e+01
-2.366083950646149958e+01
1.900000000000000000e+01
-2.052991067323500118e+01
2.000000000000000000e+01
-2.767067262345269896e+01
2.100000000000000000e+01
-2.637573078137520000e+01
2.200000000000000000e+01
-2.934882452000130115e+01
2.300000000000000000e+01
-3.593450916680050256e+01
2.400000000000000000e+01
-3.438200156334009705e+01
2.500000000000000000e+01
-4.122182727356950238e+01
2.600000000000000000e+01
-3.427748945194100116e+01
2.700000000000000000e+01
-4.588887250152789932e+01
2.800000000000000000e+01
-4.693192861347520051e+01
2.900000000000000000e+01
-4.706912415071239764e+01
3.000000000000000000e+01
-5.917710584451540257e+01
3.100000000000000000e+01
-3.869783792641840137e+01
3.200000000000000000e+01
-4.569784104916580247e+01
3.300000000000000000e+01
-5.253248969824829828e+01
3.400000000000000000e+01
-4.334040975787650041e+01
3.500000000000000000e+01
-6.018353890857409993e+01
3.600000000000000000e+01
-5.357122340068600153e+01
3.700000000000000000e+01
-5.570130073424829931e+01
3.800000000000000000e+01
-5.464432200719279820e+01
3.900000000000000000e+01
-5.667510055305260153e+01
4.000000000000000000e+01
-5.406880895015969912e+01
4.100000000000000000e+01
-5.309765697340189661e+01
4.200000000000000000e+01
-5.437425876132329705e+01
4.300000000000000000e+01
-6.559552929013480593e+01
4.400000000000000000e+01
-6.224710965533500229e+01
4.500000000000000000e+01
-7.006113025986009291e+01
4.600000000000000000e+01
-7.091468868001280157e+01
4.700000000000000000e+01
-6.673807154389170648e+01
4.800000000000000000e+01
-6.039731329274719940e+01
4.900000000000000000e+01
-7.326543433373529979e+01
5.000000000000000000e+01
-6.891685063196250383e+01
5.100000000000000000e+01
-7.325830663791499830e+01
5.200000000000000000e+01
-6.790024386328239814e+01
5.300000000000000000e+01
-8.028898596341180394e+01
5.400000000000000000e+01
-7.603751709812169679e+01
5.500000000000000000e+01
-7.479430924418140592e+01
5.600000000000000000e+01
-7.341053319113410680e+01
5.700000000000000000e+01
-7.254916473381470610e+01
5.800000000000000000e+01
-8.119720847625319493e+01
5.900000000000000000e+01
-9.044145562611440425e+01
6.000000000000000000e+01
-8.805165319002149715e+01
6.100000000000000000e+01
-9.100469260111809433e+01
6.200000000000000000e+01
-7.530113774530390458e+01
6.300000000000000000e+01
-9.148807320344450034e+01
6.400000000000000000e+01
-8.602631980838610559e+01
6.500000000000000000e+01
-9.208543621064329443e+01
6.600000000000000000e+01
-8.803693146139430326e+01
6.700000000000000000e+01
-9.766086970213319773e+01
6.800000000000000000e+01
-1.022046082967840022e+02
6.900000000000000000e+01
-1.036617830063430006e+02
7.000000000000000000e+01
-9.546557376238199311e+01
7.100000000000000000e+01
-1.001500590255720056e+02
7.200000000000000000e+01
-1.016000906123099981e+02
7.300000000000000000e+01
-9.487991235085679875e+01
7.400000000000000000e+01
-1.018751811649450048e+02
7.500000000000000000e+01
-1.037006876983400048e+02
7.600000000000000000e+01
-1.005143021402979997e+02
7.700000000000000000e+01
-1.049082313543769942e+02
7.800000000000000000e+01
-1.016112179072940052e+02
7.900000000000000000e+01
-1.075187006835489996e+02
8.000000000000000000e+01
-1.064291576074570003e+02
8.100000000000000000e+01
-9.916493281970760165e+01
8.200000000000000000e+01
-9.507794892549080146e+01
8.300000000000000000e+01
-8.476167551036040493e+01
8.400000000000000000e+01
-1.000234978137740001e+02
8.500000000000000000e+01
-9.475230202419839998e+01
8.600000000000000000e+01
-9.510134196077359547e+01
8.700000000000000000e+01
-1.033538971099989965e+02
8.800000000000000000e+01
-9.488352597724410487e+01
8.900000000000000000e+01
-1.006620021016720017e+02
9.000000000000000000e+01
-8.648664293245219881e+01
9.100000000000000000e+01
-9.412859367969250002e+01
9.200000000000000000e+01
-8.818788178917660048e+01
9.300000000000000000e+01
-9.041090329165170658e+01
9.400000000000000000e+01
-8.517056735527789613e+01
9.500000000000000000e+01
-8.868971682601909379e+01
9.600000000000000000e+01
-8.223817009630650432e+01
9.700000000000000000e+01
-7.999109377097960305e+01
9.800000000000000000e+01
-7.412838316091989554e+01
9.900000000000000000e+01
-8.265835244144470551e+01
1.000000000000000000e+02
-9.137942379667879322e+01
1.010000000000000000e+02
-8.388550387298789701e+01
1.020000000000000000e+02
-7.191450118310740436e+01
1.030000000000000000e+02
-8.304816195187760286e+01
1.040000000000000000e+02
-7.188252884807930343e+01
1.050000000000000000e+02
-7.506696188359190103e+01
1.060000000000000000e+02
-6.750364045683889458e+01
1.070000000000000000e+02
-8.349153625408449386e+01
1.080000000000000000e+02
-7.367544007395579797e+01
1.090000000000000000e+02
-7.772608905720980488e+01
1.100000000000000000e+02
-5.614673416408970041e+01
1.110000000000000000e+02
-6.556059253341979343e+01
1.120000000000000000e+02
-6.179173980180490133e+01
1.130000000000000000e+02
-7.297741366815050412e+01
1.140000000000000000e+02
-6.902950297054259465e+01
1.150000000000000000e+02
-6.704868479811609916e+01
1.160000000000000000e+02
-7.594541925142100069e+01
1.170000000000000000e+02
-6.635359806151289774e+01
1.180000000000000000e+02
-6.760029101920049754e+01
1.190000000000000000e+02
-7.026565382818779426e+01
1.200000000000000000e+02
-5.873850578043759896e+01
1.210000000000000000e+02
-5.876646903739000294e+01
1.220000000000000000e+02
-5.890700026529609801e+01
1.230000000000000000e+02
-6.464079971443439376e+01
1.240000000000000000e+02
-5.123295892636139826e+01
1.250000000000000000e+02
-5.401753358582830344e+01
1.260000000000000000e+02
-5.616177111128529731e+01
1.270000000000000000e+02
-5.345000231663779999e+01
1.280000000000000000e+02
-5.377243877600189847e+01
1.290000000000000000e+02
-6.011153376418089778e+01
1.300000000000000000e+02
-5.168673710069909788e+01
1.310000000000000000e+02
-5.331332512133609924e+01
1.320000000000000000e+02
-5.295053441011000217e+01
1.330000000000000000e+02
-5.273452148336900080e+01
1.340000000000000000e+02
-4.851830907240449875e+01
1.350000000000000000e+02
-5.476171252601540118e+01
1.360000000000000000e+02
-3.882539705421749687e+01
1.370000000000000000e+02
-3.994425398087380330e+01
1.380000000000000000e+02
-4.154270406713929731e+01
1.390000000000000000e+02
-4.051443055984459818e+01
1.400000000000000000e+02
-4.322940337329840332e+01
1.410000000000000000e+02
-3.304316936061029963e+01
1.420000000000000000e+02
-3.770069348956739930e+01
1.430000000000000000e+02
-3.950526723173999954e+01
1.440000000000000000e+02
-2.807369789144649985e+01
1.450000000000000000e+02
-3.485249233461819784e+01
1.460000000000000000e+02
-3.557179252873479669e+01
1.470000000000000000e+02
-3.299342568458339997e+01
1.480000000000000000e+02
-3.466229923487149733e+01
1.490000000000000000e+02
-3.492131984367600239e+01
1.500000000000000000e+02
-1.558869019764130037e+01
1.510000000000000000e+02
-1.883921101457159963e+01
1.520000000000000000e+02
-2.447703350359260099e+01
1.530000000000000000e+02
-3.119831141731970092e+01
1.540000000000000000e+02
-2.813807009410890103e+01
1.550000000000000000e+02
-3.546006572036029780e+01
1.560000000000000000e+02
-3.243105223366720224e+01
1.570000000000000000e+02
-2.489284743228299845e+01
1.580000000000000000e+02
-2.597846940358610013e+01
1.590000000000000000e+02
-2.705167615924800018e+01
1.600000000000000000e+02
-3.133633234775640020e+01
1.610000000000000000e+02
-3.114129943085659846e+01
1.620000000000000000e+02
-3.581534582140029954e+01
1.630000000000000000e+02
-3.049930850865889909e+01
1.640000000000000000e+02
-4.299272474893579954e+01
1.650000000000000000e+02
-3.528394044049900202e+01
1.660000000000000000e+02
-4.317747095052749984e+01
1.670000000000000000e+02
-4.198319457381799680e+01
1.680000000000000000e+02
-3.891967897741359650e+01
1.690000000000000000e+02
-3.786297826775010122e+01
1.700000000000000000e+02
-5.002146077973949900e+01
1.710000000000000000e+02
-3.950480964594760280e+01
1.720000000000000000e+02
-4.388222331445579982e+01
1.730000000000000000e+02
-4.889710261554269977e+01
1.740000000000000000e+02
-5.090871666546159702e+01
1.750000000000000000e+02
-5.239547825482230081e+01
1.760000000000000000e+02
-5.419782043900359980e+01
1.770000000000000000e+02
-5.394189003825800199e+01
1.780000000000000000e+02
-5.517550220927819993e+01
1.790000000000000000e+02
-5.267647586560269701e+01
1.800000000000000000e+02
-5.054674221113239696e+01
1.810000000000000000e+02
-5.722188929451429829e+01
1.820000000000000000e+02
-6.197986399301999683e+01
1.830000000000000000e+02
-5.918018134377680184e+01
1.840000000000000000e+02
-6.276483264234629900e+01
1.850000000000000000e+02
-7.020464250332520351e+01
1.860000000000000000e+02
-6.168453145797550263e+01
1.870000000000000000e+02
-6.627016684603570695e+01
1.880000000000000000e+02
-6.850443755941050483e+01
1.890000000000000000e+02
-6.999200063392690652e+01
1.900000000000000000e+02
-7.112151673473739777e+01
1.910000000000000000e+02
-7.426223174029590268e+01
1.920000000000000000e+02
-6.440258817610789777e+01
1.930000000000000000e+02
-7.840268417339579798e+01
1.940000000000000000e+02
-7.765404398631829963e+01
1.950000000000000000e+02
-8.000592277407679376e+01
1.960000000000000000e+02
-8.352789297939580138e+01
1.970000000000000000e+02
-7.982896020298009887e+01
1.980000000000000000e+02
-8.144904505811869910e+01
1.990000000000000000e+02
-7.363926262950720059e+01
2.000000000000000000e+02
-8.374568020736829510e+01
2.010000000000000000e+02
-8.903255485241830058e+01
2.020000000000000000e+02
-7.690513259054350215e+01
2.030000000000000000e+02
-7.995995463986180596e+01
2.040000000000000000e+02
-8.849241392230359793e+01
2.050000000000000000e+02
-9.608601148055819863e+01
2.060000000000000000e+02
-9.198928333606660601e+01
2.070000000000000000e+02
-9.175678072562749321e+01
2.080000000000000000e+02
-9.080766557051789789e+01
2.090000000000000000e+02
-9.470475636223000038e+01
2.100000000000000000e+02
-9.239275986199909596e+01
2.110000000000000000e+02
-9.386132967252939352e+01
2.120000000000000000e+02
-1.032851265469959969e+02
2.130000000000000000e+02
-1.029824679176930005e+02
2.140000000000000000e+02
-1.031591250689100008e+02
2.150000000000000000e+02
-1.032036136437699980e+02
2.160000000000000000e+02
-1.034783347185530005e+02
2.170000000000000000e+02
-1.030240432719150050e+02
2.180000000000000000e+02
-1.194432064789159966e+02
2.190000000000000000e+02
-1.077933242694249998e+02
2.200000000000000000e+02
-1.005069403262859993e+02
2.210000000000000000e+02
-1.132636206463349993e+02
2.220000000000000000e+02
-1.044724041312269947e+02
2.230000000000000000e+02
-1.086003712309750000e+02
2.240000000000000000e+02
-1.117079363494709980e+02
2.250000000000000000e+02
-1.118615779865699977e+02
2.260000000000000000e+02
-1.122820999508989956e+02
2.270000000000000000e+02
-1.114457765769249988e+02
2.280000000000000000e+02
-1.142022960281310020e+02
2.290000000000000000e+02
-1.095643249349830057e+02
2.300000000000000000e+02
-1.071273270420730057e+02
2.310000000000000000e+02
-1.050359301384250017e+02
2.320000000000000000e+02
-1.079107174543610057e+02
2.330000000000000000e+02
-1.061077524848039957e+02
2.340000000000000000e+02
-9.368583095327659294e+01
2.350000000000000000e+02
-1.139748610590470008e+02
2.360000000000000000e+02
-9.041466862455550313e+01
2.370000000000000000e+02
-9.875288434404849625e+01
2.380000000000000000e+02
-9.431920456944240527e+01
2.390000000000000000e+02
-1.065191368625969943e+02
2.400000000000000000e+02
-1.000272931289620004e+02
2.410000000000000000e+02
-9.734624694703670400e+01
2.420000000000000000e+02
-9.272115349238180215e+01
2.430000000000000000e+02
-1.020645412580110047e+02
2.440000000000000000e+02
-9.023417195695080295e+01
2.450000000000000000e+02
-9.753538540767870302e+01
2.460000000000000000e+02
-9.001900498745739299e+01
2.470000000000000000e+02
-8.596698160654760557e+01
2.480000000000000000e+02
-8.647226703424310301e+01
2.490000000000000000e+02
-8.157320516921879516e+01
2.500000000000000000e+02
-8.083479295658139563e+01
2.510000000000000000e+02
-8.799852301393940479e+01
2.520000000000000000e+02
-8.233750936405489540e+01
2.530000000000000000e+02
-8.722348500351989742e+01
2.540000000000000000e+02
-8.798934439873559654e+01
2.550000000000000000e+02
-7.563507794457829903e+01
2.560000000000000000e+02
-7.913776418694469328e+01
2.570000000000000000e+02
-7.829141382564199603e+01
2.580000000000000000e+02
-7.233998874459969386e+01
2.590000000000000000e+02
-7.224667778008040386e+01
2.600000000000000000e+02
-7.446444231486420051e+01
2.610000000000000000e+02
-7.788269764300129339e+01
2.620000000000000000e+02
-7.645629386348470291e+01
2.630000000000000000e+02
-6.600564982936499803e+01
2.640000000000000000e+02
-7.879294465269849468e+01
2.650000000000000000e+02
-6.962373591977710419e+01
2.660000000000000000e+02
-7.801329564838009389e+01
2.670000000000000000e+02
-6.193420321891039748e+01
2.680000000000000000e+02
-6.149574530649469750e+01
2.690000000000000000e+02
-6.456614992833229394e+01
2.700000000000000000e+02
-6.369377993884030076e+01
2.710000000000000000e+02
-7.453864700384239939e+01
2.720000000000000000e+02
-5.796899931423450170e+01
2.730000000000000000e+02
-7.060466905473170129e+01
2.740000000000000000e+02
-7.000652951540669733e+01
2.750000000000000000e+02
-5.677809295798609668e+01
2.760000000000000000e+02
-6.068779995461890309e+01
2.770000000000000000e+02
-5.265557545693759778e+01
2.780000000000000000e+02
-5.009577306292239740e+01
2.790000000000000000e+02
-4.795963289260389928e+01
2.800000000000000000e+02
-5.447172477283370284e+01
2.810000000000000000e+02
-4.753667455737259928e+01
2.820000000000000000e+02
-4.804802944891950034e+01
2.830000000000000000e+02
-4.318847973543339691e+01
2.840000000000000000e+02
-4.340567785544150325e+01
2.850000000000000000e+02
-4.036465465243379924e+01
2.860000000000000000e+02
-4.428141964927009866e+01
2.870000000000000000e+02
-4.312537111769159992e+01
2.880000000000000000e+02
-3.611813033769620063e+01
2.890000000000000000e+02
-5.054290820359020131e+01
2.900000000000000000e+02
-4.121519644636960322e+01
2.910000000000000000e+02
-4.381287019513089831e+01
2.920000000000000000e+02
-3.814045548691400001e+01
2.930000000000000000e+02
-3.175176869042070038e+01
2.940000000000000000e+02
-2.963416278174310037e+01
2.950000000000000000e+02
-3.760515026864059962e+01
2.960000000000000000e+02
-3.102133927893489940e+01
2.970000000000000000e+02
-3.169959042181670128e+01
2.980000000000000000e+02
-3.951786601265219900e+01
2.990000000000000000e+02
-3.692102262895350151e+01
3.000000000000000000e+02
-4.786615737647090185e+01
3.010000000000000000e+02
-3.264768890942659851e+01
3.020000000000000000e+02
-4.268876434834560030e+01
3.030000000000000000e+02
-4.673137349474170321e+01
3.040000000000000000e+02
-4.315066012320050248e+01
3.050000000000000000e+02
-5.019298411060270126e+01
3.060000000000000000e+02
-4.432285095730600233e+01
3.070000000000000000e+02
-4.819070093279479750e+01
3.080000000000000000e+02
-3.566729548558890173e+01
3.090000000000000000e+02
-4.203267517621750216e+01
3.100000000000000000e+02
-6.137824771014380332e+01
3.110000000000000000e+02
-4.785599361693900278e+01
3.120000000000000000e+02
-5.822213073598820188e+01
3.130000000000000000e+02
-5.367553033769269888e+01
3.140000000000000000e+02
-5.274704715305080072e+01
3.150000000000000000e+02
-5.099921045695970179e+01
3.160000000000000000e+02
-5.727192842937059680e+01
3.170000000000000000e+02
-4.919400603098149816e+01
3.180000000000000000e+02
-6.064900560396190343e+01
3.190000000000000000e+02
-5.777557232227510298e+01
3.200000000000000000e+02
-5.725827540464130294e+01
3.210000000000000000e+02
-6.132481612552930272e+01
3.220000000000000000e+02
-5.851480824358569777e+01
3.230000000000000000e+02
-6.247231956260880281e+01
3.240000000000000000e+02
-6.917792925152299688e+01
3.250000000000000000e+02
-7.545287817148880549e+01
3.260000000000000000e+02
-5.830185975313560220e+01
3.270000000000000000e+02
-7.178628802114229757e+01
3.280000000000000000e+02
-6.941565204707249848e+01
3.290000000000000000e+02
-6.828542896425169317e+01
3.300000000000000000e+02
-7.172571347609709846e+01
3.310000000000000000e+02
-6.463977456948740041e+01
3.320000000000000000e+02
-7.727194876406829849e+01
3.330000000000000000e+02
-6.997783126462040570e+01
3.340000000000000000e+02
-7.329136118834280467e+01
3.350000000000000000e+02
-7.693708038575719854e+01
3.360000000000000000e+02
-8.198594719193809510e+01
3.370000000000000000e+02
-7.905509152229420522e+01
3.380000000000000000e+02
-7.900114144848589603e+01
3.390000000000000000e+02
-8.684796869564709709e+01
3.400000000000000000e+02
-7.947338538588729762e+01
3.410000000000000000e+02
-8.547906627871809349e+01
3.420000000000000000e+02
-8.277210612409180612e+01
3.430000000000000000e+02
-8.155313976654800001e+01
3.440000000000000000e+02
-8.869078005457930658e+01
3.450000000000000000e+02
-8.654209485139959668e+01
3.460000000000000000e+02
-8.428380254472619981e+01
3.470000000000000000e+02
-9.614671533194460551e+01
3.480000000000000000e+02
-8.272084336522159731e+01
3.490000000000000000e+02
-7.671172046877819639e+01
3.500000000000000000e+02
-8.497032693346109511e+01
3.510000000000000000e+02
-9.227949274257400702e+01
3.520000000000000000e+02
-8.949082265525589719e+01
3.530000000000000000e+02
-9.774716323414580188e+01
3.540000000000000000e+02
-8.411121532612550311e+01
3.550000000000000000e+02
-8.973032389887009685e+01
3.560000000000000000e+02
-9.143042030298049383e+01
3.570000000000000000e+02
-1.006798237994660070e+02
3.580000000000000000e+02
-9.563401010479699949e+01
3.590000000000000000e+02
-1.009585304879889947e+02
3.600000000000000000e+02
-1.006575094434950017e+02
3.610000000000000000e+02
-1.028837152209979990e+02
3.620000000000000000e+02
-1.060956370029559963e+02
3.630000000000000000e+02
-1.064440001462100014e+02
3.640000000000000000e+02
-1.038830621691419935e+02
3.650000000000000000e+02
-1.122611992067540001e+02
3.660000000000000000e+02
-1.016621791936860006e+02
